Webots Project File version R2020b
perspectives: 000000ff00000000fd000000030000000000000069000003cdfc0100000002fb0000001a0044006f00630075006d0065006e0074006100740069006f006e0000000000ffffffff0000006900fffffffb0000001e00480074006d006c0052006f0062006f007400570069006e0064006f0077000000000000000069000000000000000000000001000002c7000002e7fc0200000001fb0000001400540065007800740045006400690074006f00720100000016000002e70000008900ffffff0000000300000780000000e4fc0100000001fb0000001a0043006f006e0073006f006c00650041006c006c0041006c006c0100000000000007800000006900ffffff000004b7000002e700000001000000020000000100000008fc00000000
simulationViewPerspectives: 000000ff000000010000000200000100000005600100000002010000000100
sceneTreePerspectives: 000000ff0000000100000002000000c0000000fa0100000002010000000200
maximizedDockId: -1
centralWidgetVisible: 1
orthographicViewHeight: 1
textFiles: 0 "controllers/khepera_IV_sensors/khepera_IV_sensors.py" "../../../../../../usr/local/webots/projects/robots/k-team/khepera4/protos/Khepera4.proto" "../../../../../../usr/local/webots/projects/robots/k-team/khepera4/controllers/khepera4/khepera4.c"
consoles: Console:All:All
renderingDevicePerspectives: Khepera IV:camera;1;1;0.205479;0.238304
renderingDevicePerspectives: e-puck:camera;1;1.48281;0.0216025;0.0419071
